1 0.06971153846153846 0.234375 0.125 0.18028846153846154
1 0.3713942307692308 0.125 0.11538461538461539 0.16105769230769232
1 0.11778846153846154 0.23197115384615385 0.09134615384615384 0.1466346153846154
1 0.5084134615384616 0.37740384615384615 0.18990384615384615 0.25961538461538464
1 0.7860576923076923 0.25600961538461536 0.08413461538461539 0.11057692307692307
1 0.41346153846153844 0.2644230769230769 0.07451923076923077 0.11298076923076923
1 0.22716346153846154 0.2091346153846154 0.055288461538461536 0.09615384615384616
2 0.49158653846153844 0.6129807692307693 0.4735576923076923 0.7740384615384616
2 0.7776442307692307 0.6033653846153846 0.44471153846153844 0.7307692307692307
2 0.36658653846153844 0.18389423076923078 0.22596153846153846 0.34375
2 0.23557692307692307 0.234375 0.07211538461538461 0.1466346153846154
2 0.016826923076923076 0.27283653846153844 0.03365384615384615 0.23798076923076922
2 0.125 0.5072115384615384 0.25 0.7451923076923077
2 0.08052884615384616 0.6838942307692307 0.16105769230769232 0.5697115384615384
2 0.22956730769230768 0.48677884615384615 0.29086538461538464 0.6682692307692307