1 0.8245192307692307 0.13942307692307693 0.17307692307692307 0.27163461538461536
0 0.0889423076923077 0.17548076923076922 0.0733173076923077 0.14423076923076922
0 0.6670673076923077 0.1658653846153846 0.07091346153846154 0.14423076923076922
0 0.1466346153846154 0.20432692307692307 0.09375 0.1778846153846154
0 0.49759615384615385 0.17067307692307693 0.11298076923076923 0.18389423076923078
0 0.43149038461538464 0.14903846153846154 0.07451923076923077 0.15985576923076922
0 0.9350961538461539 0.17067307692307693 0.05889423076923077 0.109375
0 0.7115384615384616 0.16346153846153846 0.039663461538461536 0.11538461538461539
0 0.5877403846153846 0.15504807692307693 0.0625 0.109375
2 0.12139423076923077 0.5673076923076923 0.24278846153846154 0.8653846153846154
2 0.36538461538461536 0.5324519230769231 0.15985576923076922 0.9338942307692307
2 0.48677884615384615 0.5132211538461539 0.2764423076923077 0.9735576923076923
2 0.7536057692307693 0.5012019230769231 0.4098557692307692 0.9963942307692307
2 0.6430288461538461 0.22596153846153846 0.14182692307692307 0.23557692307692307
2 0.07572115384615384 0.17908653846153846 0.09014423076923077 0.17548076923076922
2 0.9567307692307693 0.5504807692307693 0.08653846153846154 0.8725961538461539