1 0.16346153846153846 0.5985576923076923 0.057692307692307696 0.07692307692307693
1 0.21875 0.5600961538461539 0.052884615384615384 0.07692307692307693
1 0.41225961538461536 0.5661057692307693 0.04567307692307692 0.06490384615384616
1 0.3473557692307692 0.5913461538461539 0.05048076923076923 0.057692307692307696
1 0.26322115384615385 0.5721153846153846 0.038461538461538464 0.057692307692307696
1 0.13822115384615385 0.5564903846153846 0.05048076923076923 0.07451923076923077
1 0.5096153846153846 0.5913461538461539 0.03365384615384615 0.052884615384615384
0 0.8786057692307693 0.6105769230769231 0.040865384615384616 0.04807692307692308
1 0.8497596153846154 0.6274038461538461 0.03125 0.04326923076923077
0 0.09254807692307693 0.5697115384615384 0.04567307692307692 0.052884615384615384
2 0.8990384615384616 0.7139423076923077 0.08173076923076923 0.23557692307692307
2 0.8389423076923077 0.6790865384615384 0.04807692307692308 0.18990384615384615
2 0.8233173076923077 0.6237980769230769 0.03125 0.0889423076923077
2 0.5973557692307693 0.6754807692307693 0.04567307692307692 0.20673076923076922
2 0.7103365384615384 0.6490384615384616 0.055288461538461536 0.16346153846153846
2 0.5084134615384616 0.6586538461538461 0.04807692307692308 0.20192307692307693
2 0.43149038461538464 0.6935096153846154 0.09615384615384616 0.3389423076923077
2 0.3545673076923077 0.7055288461538461 0.06971153846153846 0.3125
2 0.22716346153846154 0.7608173076923077 0.09375 0.47596153846153844
2 0.08173076923076923 0.7067307692307693 0.0625 0.3605769230769231
2 0.125 0.7175480769230769 0.038461538461538464 0.3918269230769231
2 0.14783653846153846 0.7451923076923077 0.0889423076923077 0.40865384615384615
2 0.30288461538461536 0.7115384615384616 0.038461538461538464 0.38461538461538464
2 0.265625 0.734375 0.04567307692307692 0.39663461538461536
0 0.22355769230769232 0.5408653846153846 0.04326923076923077 0.057692307692307696