1 0.10336538461538461 0.3786057692307692 0.038461538461538464 0.0889423076923077
1 0.25841346153846156 0.3762019230769231 0.08173076923076923 0.1658653846153846
1 0.37259615384615385 0.37740384615384615 0.08413461538461539 0.16105769230769232
0 0.484375 0.3894230769230769 0.0625 0.125
0 0.171875 0.35096153846153844 0.055288461538461536 0.10817307692307693
0 0.054086538461538464 0.34975961538461536 0.05048076923076923 0.12259615384615384
0 0.8485576923076923 0.49158653846153844 0.04807692307692308 0.10817307692307693
0 0.7247596153846154 0.4230769230769231 0.06490384615384616 0.11778846153846154
0 0.6574519230769231 0.45913461538461536 0.040865384615384616 0.09615384615384616
0 0.6081730769230769 0.4483173076923077 0.06971153846153846 0.12259615384615384
0 0.5685096153846154 0.4807692307692308 0.040865384615384616 0.11298076923076923
0 0.5192307692307693 0.47115384615384615 0.04567307692307692 0.10336538461538461
2 0.8233173076923077 0.7019230769230769 0.12259615384615384 0.5456730769230769
2 0.7019230769230769 0.6802884615384616 0.1201923076923077 0.6394230769230769
2 0.4675480769230769 0.65625 0.1201923076923077 0.6875
2 0.5877403846153846 0.6742788461538461 0.12740384615384615 0.6514423076923077
2 0.23076923076923078 0.6274038461538461 0.11538461538461539 0.7283653846153846
2 0.3449519230769231 0.6189903846153846 0.13942307692307693 0.7548076923076923
2 0.15144230769230768 0.6141826923076923 0.10096153846153846 0.6490384615384616
2 0.042067307692307696 0.5745192307692307 0.08413461538461539 0.5673076923076923