1 0.25 0.15264423076923078 0.17548076923076922 0.2800480769230769
1 0.6598557692307693 0.09375 0.06370192307692307 0.15625
1 0.41466346153846156 0.07932692307692307 0.057692307692307696 0.11177884615384616
1 0.4795673076923077 0.0829326923076923 0.038461538461538464 0.09375
1 0.7644230769230769 0.11778846153846154 0.08413461538461539 0.19230769230769232
0 0.359375 0.18509615384615385 0.078125 0.18990384615384615
0 0.4362980769230769 0.2247596153846154 0.06850961538461539 0.14783653846153846
0 0.5300480769230769 0.08413461538461539 0.03245192307692308 0.06610576923076923
0 0.5925480769230769 0.09975961538461539 0.05048076923076923 0.09014423076923077
0 0.8533653846153846 0.1502403846153846 0.21033653846153846 0.2956730769230769
2 0.1875 0.5 0.2860576923076923 1
2 0.8629807692307693 0.5072115384615384 0.27403846153846156 0.984375
2 0.6682692307692307 0.36658653846153844 0.09615384615384616 0.6730769230769231
2 0.7596153846153846 0.36177884615384615 0.06850961538461539 0.7055288461538461
2 0.59375 0.27163461538461536 0.06610576923076923 0.4795673076923077
2 0.5348557692307693 0.171875 0.04326923076923077 0.27163461538461536
2 0.48677884615384615 0.2127403846153846 0.0625 0.3918269230769231
2 0.41225961538461536 0.27163461538461536 0.08533653846153846 0.5396634615384616
2 0.3858173076923077 0.38822115384615385 0.09735576923076923 0.5697115384615384