1 0.078125 0.15384615384615385 0.15625 0.20192307692307693
0 0.875 0.039663461538461536 0.10576923076923077 0.07932692307692307
0 0.21995192307692307 0.10336538461538461 0.10096153846153846 0.14182692307692307
0 0.8137019230769231 0.0733173076923077 0.13701923076923078 0.1466346153846154
0 0.4110576923076923 0.08774038461538461 0.15384615384615385 0.17548076923076922
0 0.484375 0.06009615384615385 0.10336538461538461 0.1201923076923077
0 0.16826923076923078 0.10216346153846154 0.0625 0.11538461538461539
0 0.30528846153846156 0.0733173076923077 0.08653846153846154 0.10576923076923077
2 0.8449519230769231 0.47596153846153844 0.31009615384615385 0.9519230769230769
2 0.6274038461538461 0.49399038461538464 0.33653846153846156 0.9879807692307693
2 0.4891826923076923 0.5 0.46875 1
2 0.25 0.5096153846153846 0.5 0.9807692307692307
2 0.25841346153846156 0.15745192307692307 0.19951923076923078 0.2692307692307692
2 0.8846153846153846 0.05048076923076923 0.11057692307692307 0.10096153846153846