1 0.17908653846153846 0.1622596153846154 0.17307692307692307 0.3088942307692308
1 0.734375 0.25240384615384615 0.1466346153846154 0.29447115384615385
1 0.6057692307692307 0.31971153846153844 0.1141826923076923 0.23317307692307693
1 0.30408653846153844 0.17067307692307693 0.11778846153846154 0.2548076923076923
1 0.09254807692307693 0.19591346153846154 0.05889423076923077 0.1310096153846154
1 0.7019230769230769 0.14783653846153846 0.11778846153846154 0.18509615384615385
1 0.9627403846153846 0.20673076923076922 0.07091346153846154 0.4074519230769231
2 0.14182692307692307 0.5036057692307693 0.28365384615384615 0.9927884615384616
2 0.5673076923076923 0.43990384615384615 0.1658653846153846 0.6057692307692307
2 0.7632211538461539 0.5420673076923077 0.21153846153846154 0.90625
2 0.9435096153846154 0.5144230769230769 0.11177884615384616 0.9711538461538461
2 0.296875 0.5048076923076923 0.15504807692307693 0.984375