1 0.10336538461538461 0.3894230769230769 0.03485576923076923 0.08653846153846154
1 0.25600961538461536 0.38221153846153844 0.07572115384615384 0.16346153846153846
1 0.36899038461538464 0.3798076923076923 0.07932692307692307 0.15985576923076922
0 0.48197115384615385 0.38822115384615385 0.055288461538461536 0.12379807692307693
0 0.16947115384615385 0.3605769230769231 0.05048076923076923 0.10697115384615384
0 0.052884615384615384 0.3629807692307692 0.046875 0.1201923076923077
0 0.8461538461538461 0.47716346153846156 0.04447115384615385 0.10697115384615384
0 0.7211538461538461 0.41346153846153844 0.06129807692307692 0.11298076923076923
0 0.6550480769230769 0.4495192307692308 0.038461538461538464 0.09375
0 0.6045673076923077 0.4411057692307692 0.06490384615384616 0.11658653846153846
0 0.5661057692307693 0.47475961538461536 0.037259615384615384 0.11057692307692307
0 0.5180288461538461 0.46634615384615385 0.042067307692307696 0.09975961538461539
2 0.828125 0.6862980769230769 0.1045673076923077 0.5408653846153846
2 0.7067307692307693 0.6730769230769231 0.09735576923076923 0.6382211538461539
2 0.47475961538461536 0.6574519230769231 0.09495192307692307 0.6850961538461539
2 0.5949519230769231 0.6730769230769231 0.10216346153846154 0.6538461538461539
2 0.23798076923076922 0.6370192307692307 0.08774038461538461 0.7259615384615384
2 0.35216346153846156 0.6237980769230769 0.1141826923076923 0.7512019230769231
2 0.15865384615384615 0.6213942307692307 0.07932692307692307 0.6430288461538461
2 0.040865384615384616 0.5889423076923077 0.07692307692307693 0.5612980769230769