1 0.8653846153846154 0.16947115384615385 0.08653846153846154 0.15264423076923078
1 0.5685096153846154 0.12860576923076922 0.08173076923076923 0.13822115384615385
1 0.9723557692307693 0.16105769230769232 0.051682692307692304 0.12259615384615384
1 0.8209134615384616 0.17668269230769232 0.0625 0.12620192307692307
1 0.49278846153846156 0.3858173076923077 0.13341346153846154 0.21875
1 0.21634615384615385 0.3293269230769231 0.06009615384615385 0.09254807692307693
1 0.5576923076923077 0.2644230769230769 0.051682692307692304 0.09615384615384616
1 0.7175480769230769 0.17668269230769232 0.03365384615384615 0.08413461538461539
2 0.5564903846153846 0.6310096153846154 0.3004807692307692 0.7379807692307693
2 0.28125 0.6658653846153846 0.3125 0.6682692307692307
2 0.5841346153846154 0.18269230769230768 0.15144230769230768 0.296875
2 0.7139423076923077 0.20192307692307693 0.039663461538461536 0.13221153846153846
2 0.9627403846153846 0.1875 0.07451923076923077 0.21153846153846154
2 0.8786057692307693 0.4266826923076923 0.11778846153846154 0.6850961538461539
2 0.9603365384615384 0.5829326923076923 0.07932692307692307 0.5264423076923077
2 0.7680288461538461 0.43149038461538464 0.14543269230769232 0.6069711538461539