1 0.7548076923076923 0.13221153846153846 0.23557692307692307 0.2644230769230769
1 0.2091346153846154 0.29447115384615385 0.20673076923076922 0.3269230769230769
1 0.35216346153846156 0.33774038461538464 0.16105769230769232 0.25961538461538464
1 0.6286057692307693 0.13341346153846154 0.17067307692307693 0.2668269230769231
1 0.8485576923076923 0.11057692307692307 0.08653846153846154 0.1466346153846154
1 0.22115384615384615 0.18028846153846154 0.15625 0.21153846153846154
1 0.02283653846153846 0.2980769230769231 0.04567307692307692 0.40865384615384615
2 0.8100961538461539 0.47475961538461536 0.3798076923076923 0.9495192307692307
2 0.41586538461538464 0.4519230769230769 0.28846153846153844 0.6490384615384616
2 0.23798076923076922 0.5540865384615384 0.3894230769230769 0.8918269230769231
2 0.0985576923076923 0.546875 0.1971153846153846 0.90625
2 0.7019230769230769 0.4831730769230769 0.34615384615384615 0.9663461538461539