1 0.1814903846153846 0.46033653846153844 0.07451923076923077 0.1310096153846154
1 0.06971153846153846 0.41466346153846156 0.1045673076923077 0.16826923076923078
1 0.4675480769230769 0.47115384615384615 0.057692307692307696 0.1045673076923077
1 0.9158653846153846 0.39783653846153844 0.13581730769230768 0.20793269230769232
1 0.2512019230769231 0.47596153846153844 0.057692307692307696 0.1045673076923077
1 0.33413461538461536 0.46033653846153844 0.06370192307692307 0.09375
1 0.7944711538461539 0.47716346153846156 0.057692307692307696 0.11177884615384616
1 0.6574519230769231 0.4495192307692308 0.057692307692307696 0.09375
1 0.7415865384615384 0.4411057692307692 0.051682692307692304 0.1045673076923077
1 0.5745192307692307 0.45552884615384615 0.04807692307692308 0.09615384615384616
1 0.8545673076923077 0.45552884615384615 0.054086538461538464 0.13822115384615385
2 0.06009615384615385 0.6490384615384616 0.10817307692307693 0.7007211538461539
2 0.16105769230769232 0.6682692307692307 0.11538461538461539 0.6622596153846154
2 0.2439903846153846 0.6899038461538461 0.0985576923076923 0.609375
2 0.34375 0.6598557692307693 0.0985576923076923 0.5769230769230769
2 0.4675480769230769 0.6622596153846154 0.12259615384615384 0.546875
2 0.5745192307692307 0.6153846153846154 0.08774038461538461 0.46875
2 0.6658653846153846 0.6310096153846154 0.11658653846153846 0.49158653846153844
2 0.7367788461538461 0.65625 0.09735576923076923 0.5697115384615384
2 0.7872596153846154 0.6850961538461539 0.078125 0.6189903846153846
2 0.9158653846153846 0.6358173076923077 0.16466346153846154 0.7271634615384616