1 0.8293269230769231 0.12740384615384615 0.25 0.2548076923076923
1 0.21995192307692307 0.28725961538461536 0.23317307692307693 0.36778846153846156
1 0.3798076923076923 0.33533653846153844 0.18028846153846154 0.28846153846153844
1 0.6887019230769231 0.12860576923076922 0.18990384615384615 0.25721153846153844
1 0.9134615384615384 0.08533653846153846 0.06009615384615385 0.15384615384615385
1 0.23317307692307693 0.15985576923076922 0.17307692307692307 0.23317307692307693
1 0.019230769230769232 0.30649038461538464 0.038461538461538464 0.4206730769230769
2 0.8413461538461539 0.46875 0.3173076923076923 0.9375
2 0.4495192307692308 0.46274038461538464 0.31971153846153844 0.7211538461538461
2 0.24278846153846154 0.5408653846153846 0.4182692307692308 0.9182692307692307
2 0.09615384615384616 0.5432692307692307 0.19230769230769232 0.9134615384615384
2 0.7644230769230769 0.47716346153846156 0.36538461538461536 0.9543269230769231