1 0.6165865384615384 0.359375 0.1141826923076923 0.17427884615384615
1 0.09375 0.3858173076923077 0.15625 0.23557692307692307
1 0.29447115384615385 0.3954326923076923 0.12980769230769232 0.19471153846153846
1 0.7848557692307693 0.39783653846153844 0.06971153846153846 0.14423076923076922
1 0.8858173076923077 0.40865384615384615 0.12379807692307693 0.18269230769230768
1 0.7235576923076923 0.39783653846153844 0.10216346153846154 0.16105769230769232
1 0.5408653846153846 0.35096153846153844 0.09375 0.16947115384615385
1 0.42788461538461536 0.4338942307692308 0.06850961538461539 0.10697115384615384
1 0.375 0.4026442307692308 0.054086538461538464 0.1346153846153846
1 0.9759615384615384 0.39302884615384615 0.04447115384615385 0.171875
2 0.10096153846153846 0.5865384615384616 0.20192307692307693 0.7019230769230769
2 0.3076923076923077 0.5949519230769231 0.18870192307692307 0.6778846153846154
2 0.5216346153846154 0.34975961538461536 0.11177884615384616 0.2247596153846154
2 0.9074519230769231 0.6225961538461539 0.18509615384615385 0.7548076923076923
2 0.7307692307692307 0.4050480769230769 0.09375 0.21514423076923078
2 0.6298076923076923 0.5997596153846154 0.25961538461538464 0.8004807692307693
2 0.4026442307692308 0.5817307692307693 0.14903846153846154 0.5360576923076923