1 0.9723557692307693 0.3629807692307692 0.04326923076923077 0.10096153846153846
1 0.7920673076923077 0.35697115384615385 0.09134615384615384 0.19230769230769232
1 0.6598557692307693 0.35697115384615385 0.09615384615384616 0.18990384615384615
0 0.5276442307692307 0.36899038461538464 0.0673076923076923 0.14423076923076922
0 0.8942307692307693 0.3293269230769231 0.06009615384615385 0.125
0 0.10216346153846154 0.4795673076923077 0.052884615384615384 0.125
0 0.24759615384615385 0.40384615384615385 0.07451923076923077 0.1346153846153846
0 0.32572115384615385 0.44471153846153844 0.05048076923076923 0.10817307692307693
0 0.38461538461538464 0.4338942307692308 0.07692307692307693 0.13942307692307693
0 0.43028846153846156 0.4723557692307692 0.04567307692307692 0.12980769230769232
0 0.48677884615384615 0.46153846153846156 0.055288461538461536 0.11778846153846154
2 0.12620192307692307 0.7019230769230769 0.13221153846153846 0.5961538461538461
2 0.26802884615384615 0.6646634615384616 0.12259615384615384 0.6706730769230769
2 0.5420673076923077 0.6394230769230769 0.125 0.7211538461538461
2 0.40024038461538464 0.6574519230769231 0.13221153846153846 0.6850961538461539
2 0.8209134615384616 0.6105769230769231 0.11778846153846154 0.7692307692307693
2 0.6850961538461539 0.5973557692307693 0.1466346153846154 0.8004807692307693
2 0.9146634615384616 0.625 0.10576923076923077 0.7379807692307693