0 0.5060096153846154 0.47115384615384615 0.10336538461538461 0.16346153846153846
0 0.6622596153846154 0.47716346153846156 0.09615384615384616 0.16346153846153846
0 0.3545673076923077 0.5264423076923077 0.10336538461538461 0.1875
0 0.2980769230769231 0.5576923076923077 0.07451923076923077 0.14182692307692307
0 0.4579326923076923 0.37740384615384615 0.07211538461538461 0.11778846153846154
0 0.5721153846153846 0.3581730769230769 0.07211538461538461 0.1201923076923077
0 0.030048076923076924 0.4495192307692308 0.06009615384615385 0.11057692307692307
0 0.17548076923076922 0.4170673076923077 0.06490384615384616 0.11538461538461539
0 0.18509615384615385 0.34975961538461536 0.057692307692307696 0.10096153846153846
0 0.6646634615384616 0.390625 0.08173076923076923 0.11057692307692307
0 0.13581730769230768 0.45913461538461536 0.055288461538461536 0.11538461538461539
0 0.12139423076923077 0.3737980769230769 0.057692307692307696 0.09134615384615384
0 0.546875 0.43149038461538464 0.057692307692307696 0.11298076923076923
0 0.052884615384615384 0.41466346153846156 0.04567307692307692 0.0889423076923077
2 0.9699519230769231 0.578125 0.06009615384615385 0.7572115384615384
2 0.7007211538461539 0.6923076923076923 0.3293269230769231 0.6033653846153846
2 0.35697115384615385 0.7055288461538461 0.23317307692307693 0.5889423076923077
2 0.1502403846153846 0.7067307692307693 0.22355769230769232 0.5865384615384616
2 0.5324519230769231 0.7007211538461539 0.19471153846153846 0.5985576923076923
2 0.05889423076923077 0.703125 0.11778846153846154 0.59375
2 0.4567307692307692 0.5060096153846154 0.13701923076923078 0.3629807692307692
2 0.5769230769230769 0.41225961538461536 0.09134615384615384 0.2283653846153846
2 0.17908653846153846 0.3485576923076923 0.07932692307692307 0.11298076923076923
2 0.1141826923076923 0.375 0.06490384615384616 0.1658653846153846