1 0.7980769230769231 0.11778846153846154 0.23076923076923078 0.23557692307692307
0 0.037259615384615384 0.24879807692307693 0.07451923076923077 0.1658653846153846
0 0.6358173076923077 0.13221153846153846 0.10336538461538461 0.1658653846153846
0 0.09254807692307693 0.2704326923076923 0.13221153846153846 0.20432692307692307
0 0.4579326923076923 0.16826923076923078 0.15384615384615385 0.21634615384615385
0 0.38221153846153844 0.15865384615384615 0.10817307692307693 0.18269230769230768
0 0.9122596153846154 0.08774038461538461 0.06490384615384616 0.125
0 0.6826923076923077 0.12259615384615384 0.0625 0.12740384615384615
0 0.5492788461538461 0.1346153846153846 0.08653846153846154 0.125
2 0.1658653846153846 0.5889423076923077 0.3317307692307692 0.8221153846153846
2 0.3786057692307692 0.5336538461538461 0.33413461538461536 0.9326923076923077
2 0.5036057692307693 0.5 0.4639423076923077 1
2 0.7403846153846154 0.49038461538461536 0.5192307692307693 0.9807692307692307
2 0.6213942307692307 0.20072115384615385 0.19230769230769232 0.27403846153846156
2 0.038461538461538464 0.2548076923076923 0.07692307692307693 0.20192307692307693
2 0.9423076923076923 0.46634615384615385 0.11538461538461539 0.8894230769230769