1 0.3473557692307692 0.39663461538461536 0.15625 0.1971153846153846
1 0.8641826923076923 0.2848557692307692 0.21153846153846154 0.2692307692307692
1 0.6706730769230769 0.3473557692307692 0.1778846153846154 0.22355769230769232
1 0.1935096153846154 0.47716346153846156 0.10576923076923077 0.15865384615384615
1 0.09975961538461539 0.5144230769230769 0.16826923076923078 0.21153846153846154
1 0.2548076923076923 0.46153846153846156 0.14182692307692307 0.18509615384615385
1 0.41947115384615385 0.36899038461538464 0.13701923076923078 0.18990384615384615
1 0.5516826923076923 0.41947115384615385 0.09615384615384616 0.125
1 0.5949519230769231 0.375 0.0889423076923077 0.14423076923076922
1 0.025240384615384616 0.5216346153846154 0.05048076923076923 0.1778846153846154
2 0.859375 0.484375 0.28125 0.7379807692307693
2 0.7115384615384616 0.5456730769230769 0.3629807692307692 0.7091346153846154
2 0.4375 0.3605769230769231 0.16826923076923078 0.24759615384615385
2 0.15985576923076922 0.6670673076923077 0.31971153846153844 0.6658653846153846
2 0.24879807692307693 0.4699519230769231 0.1466346153846154 0.23317307692307693
2 0.39663461538461536 0.6033653846153846 0.46153846153846156 0.7932692307692307
2 0.6141826923076923 0.5564903846153846 0.28365384615384615 0.5625