1 0.7848557692307693 0.12860576923076922 0.21875 0.25721153846153844
1 0.328125 0.08533653846153846 0.08413461538461539 0.14903846153846154
1 0.5949519230769231 0.04807692307692308 0.07451923076923077 0.09615384615384616
1 0.5252403846153846 0.046875 0.05048076923076923 0.09375
1 0.21514423076923078 0.11778846153846154 0.10817307692307693 0.1971153846153846
0 0.6682692307692307 0.14302884615384615 0.10576923076923077 0.21875
0 0.5865384615384616 0.1935096153846154 0.09134615384615384 0.17067307692307693
0 0.46875 0.04807692307692308 0.04326923076923077 0.07692307692307693
0 0.4014423076923077 0.07091346153846154 0.0625 0.10336538461538461
0 0.12379807692307693 0.17307692307692307 0.24759615384615385 0.30288461538461536
2 0.8425480769230769 0.4891826923076923 0.31490384615384615 0.9783653846153846
2 0.16947115384615385 0.5096153846153846 0.3389423076923077 0.9807692307692307
2 0.34615384615384615 0.3786057692307692 0.1658653846153846 0.7355769230769231
2 0.24519230769230768 0.39302884615384615 0.14182692307692307 0.7475961538461539
2 0.41947115384615385 0.265625 0.11778846153846154 0.5240384615384616
2 0.47475961538461536 0.14783653846153846 0.07211538461538461 0.2956730769230769
2 0.53125 0.20072115384615385 0.10576923076923077 0.4014423076923077
2 0.6177884615384616 0.27163461538461536 0.13942307692307693 0.5432692307692307
2 0.6574519230769231 0.36899038461538464 0.16105769230769232 0.6394230769230769