1 0.8293269230769231 0.34975961538461536 0.11057692307692307 0.16105769230769232
1 0.921875 0.27884615384615385 0.11778846153846154 0.19951923076923078
1 0.5216346153846154 0.42788461538461536 0.08653846153846154 0.125
1 0.057692307692307696 0.44711538461538464 0.11538461538461539 0.25
1 0.7572115384615384 0.38341346153846156 0.08653846153846154 0.12740384615384615
1 0.6634615384615384 0.3858173076923077 0.0889423076923077 0.11538461538461539
1 0.16826923076923078 0.5108173076923077 0.08653846153846154 0.13221153846153846
1 0.3125 0.4483173076923077 0.08173076923076923 0.11298076923076923
1 0.21754807692307693 0.45913461538461536 0.07932692307692307 0.125
1 0.4026442307692308 0.4362980769230769 0.07451923076923077 0.11538461538461539
1 0.0985576923076923 0.5 0.09134615384615384 0.16346153846153846
2 0.9326923076923077 0.5216346153846154 0.1346153846153846 0.7548076923076923
2 0.8798076923076923 0.5588942307692307 0.2403846153846154 0.7283653846153846
2 0.8137019230769231 0.6057692307692307 0.24278846153846154 0.6706730769230769
2 0.6995192307692307 0.6033653846153846 0.2403846153846154 0.6514423076923077
2 0.5661057692307693 0.6346153846153846 0.25721153846153844 0.6225961538461539
2 0.4387019230769231 0.609375 0.20192307692307693 0.5288461538461539
2 0.3425480769230769 0.6466346153846154 0.2403846153846154 0.5625
2 0.27163461538461536 0.6850961538461539 0.23557692307692307 0.6298076923076923
2 0.22355769230769232 0.6923076923076923 0.22596153846153846 0.6153846153846154
2 0.12139423076923077 0.6466346153846154 0.24278846153846154 0.7067307692307693