1 0.08173076923076923 0.20552884615384615 0.10817307692307693 0.16826923076923078
1 0.3798076923076923 0.12740384615384615 0.10096153846153846 0.15384615384615385
1 0.12740384615384615 0.20793269230769232 0.07932692307692307 0.13942307692307693
1 0.49038461538461536 0.38100961538461536 0.1658653846153846 0.24278846153846154
1 0.7668269230769231 0.28725961538461536 0.07451923076923077 0.10336538461538461
1 0.40865384615384615 0.2644230769230769 0.06490384615384616 0.10576923076923077
1 0.234375 0.19471153846153846 0.04326923076923077 0.0889423076923077
2 0.45552884615384615 0.6189903846153846 0.4014423076923077 0.7620192307692307
2 0.7415865384615384 0.6334134615384616 0.4014423076923077 0.7091346153846154
2 0.3713942307692308 0.18269230769230768 0.19471153846153846 0.32211538461538464
2 0.24158653846153846 0.21995192307692307 0.057692307692307696 0.14182692307692307
2 0.016826923076923076 0.23557692307692307 0.03365384615384615 0.22596153846153846
2 0.10216346153846154 0.47115384615384615 0.20432692307692307 0.7163461538461539
2 0.055288461538461536 0.6370192307692307 0.11057692307692307 0.5480769230769231
2 0.21394230769230768 0.46153846153846156 0.22355769230769232 0.6418269230769231