1 0.5528846153846154 0.421875 0.078125 0.15865384615384615
1 0.18509615384615385 0.46153846153846156 0.0625 0.11057692307692307
1 0.4230769230769231 0.453125 0.057692307692307696 0.12620192307692307
1 0.4735576923076923 0.46153846153846156 0.051682692307692304 0.11057692307692307
1 0.3605769230769231 0.4735576923076923 0.051682692307692304 0.1045673076923077
1 0.2536057692307692 0.4855769230769231 0.056490384615384616 0.1045673076923077
1 0.3329326923076923 0.4879807692307692 0.03365384615384615 0.1045673076923077
2 0.13822115384615385 0.6971153846153846 0.17067307692307693 0.6057692307692307
2 0.5793269230769231 0.6802884615384616 0.1502403846153846 0.6394230769230769
2 0.35697115384615385 0.6887019230769231 0.12860576923076922 0.6141826923076923
2 0.47475961538461536 0.6574519230769231 0.10697115384615384 0.6610576923076923
2 0.22115384615384615 0.6826923076923077 0.09375 0.5853365384615384
2 0.3076923076923077 0.7103365384615384 0.09134615384615384 0.5793269230769231
2 0.42427884615384615 0.6766826923076923 0.07091346153846154 0.6201923076923077