1 0.025240384615384616 0.36899038461538464 0.04567307692307692 0.17427884615384615
0 0.5060096153846154 0.4675480769230769 0.08413461538461539 0.1466346153846154
0 0.3605769230769231 0.4855769230769231 0.078125 0.1466346153846154
0 0.6514423076923077 0.5048076923076923 0.08173076923076923 0.16826923076923078
0 0.7067307692307693 0.5300480769230769 0.057692307692307696 0.12860576923076922
0 0.5432692307692307 0.3737980769230769 0.057692307692307696 0.1045673076923077
0 0.43509615384615385 0.36658653846153844 0.057692307692307696 0.10817307692307693
0 0.9483173076923077 0.4074519230769231 0.04807692307692308 0.0985576923076923
0 0.8100961538461539 0.3894230769230769 0.051682692307692304 0.1045673076923077
0 0.7944711538461539 0.3269230769230769 0.04567307692307692 0.09014423076923077
0 0.35216346153846156 0.40384615384615385 0.06850961538461539 0.0985576923076923
0 0.8497596153846154 0.4254807692307692 0.04447115384615385 0.1045673076923077
0 0.8569711538461539 0.34375 0.04567307692307692 0.08052884615384616
0 0.4651442307692308 0.4326923076923077 0.04567307692307692 0.10216346153846154
0 0.9242788461538461 0.37740384615384615 0.036057692307692304 0.08052884615384616
0 0.9867788461538461 0.35697115384615385 0.021634615384615384 0.09014423076923077
2 0.040865384615384616 0.6262019230769231 0.08173076923076923 0.7463942307692307
2 0.34615384615384615 0.7091346153846154 0.25961538461538464 0.5817307692307693
2 0.6646634615384616 0.7019230769230769 0.17067307692307693 0.5961538461538461
2 0.859375 0.6947115384615384 0.15865384615384615 0.609375
2 0.5036057692307693 0.7043269230769231 0.13581730769230768 0.5901442307692307
2 0.9579326923076923 0.6802884615384616 0.08413461538461539 0.6153846153846154
2 0.5552884615384616 0.49399038461538464 0.0985576923076923 0.3329326923076923
2 0.43509615384615385 0.4170673076923077 0.0673076923076923 0.20793269230769232
2 0.8004807692307693 0.3245192307692308 0.06370192307692307 0.10096153846153846
2 0.8641826923076923 0.34375 0.04567307692307692 0.15264423076923078