1 0.5048076923076923 0.37740384615384615 0.11057692307692307 0.1875
1 0.10096153846153846 0.4795673076923077 0.0889423076923077 0.1346153846153846
1 0.3641826923076923 0.4338942307692308 0.08653846153846154 0.14903846153846154
1 0.4230769230769231 0.4338942307692308 0.07451923076923077 0.13221153846153846
1 0.2980769230769231 0.4651442307692308 0.07451923076923077 0.12259615384615384
1 0.18269230769230768 0.4951923076923077 0.07932692307692307 0.125
1 0.27163461538461536 0.4855769230769231 0.055288461538461536 0.12259615384615384
2 0.11177884615384616 0.6995192307692307 0.22355769230769232 0.6009615384615384
2 0.5721153846153846 0.6466346153846154 0.2620192307692308 0.7067307692307693
2 0.3245192307692308 0.6766826923076923 0.23557692307692307 0.6466346153846154
2 0.4519230769230769 0.6382211538461539 0.22115384615384615 0.7235576923076923
2 0.17548076923076922 0.6935096153846154 0.1971153846153846 0.6129807692307693
2 0.27283653846153844 0.703125 0.18990384615384615 0.59375
2 0.39783653846153844 0.6646634615384616 0.17067307692307693 0.6706730769230769