1 0.2283653846153846 0.12259615384615384 0.22115384615384615 0.24519230769230768
1 0.7019230769230769 0.078125 0.08413461538461539 0.12980769230769232
1 0.4230769230769231 0.037259615384615384 0.07211538461538461 0.07451923076923077
1 0.4987980769230769 0.037259615384615384 0.05048076923076923 0.07451923076923077
1 0.8185096153846154 0.11298076923076923 0.11057692307692307 0.18028846153846154
0 0.35336538461538464 0.125 0.10817307692307693 0.22355769230769232
0 0.4362980769230769 0.17668269230769232 0.09134615384615384 0.17548076923076922
0 0.5564903846153846 0.03485576923076923 0.040865384615384616 0.06490384615384616
0 0.6274038461538461 0.056490384615384616 0.0625 0.0985576923076923
0 0.8918269230769231 0.16826923076923078 0.21634615384615385 0.28846153846153844
2 0.1658653846153846 0.4891826923076923 0.3317307692307692 0.9783653846153846
2 0.8461538461538461 0.5108173076923077 0.3076923076923077 0.9783653846153846
2 0.6826923076923077 0.38100961538461536 0.17067307692307693 0.7379807692307693
2 0.7872596153846154 0.39783653846153844 0.14423076923076922 0.75
2 0.6081730769230769 0.265625 0.1201923076923077 0.5192307692307693
2 0.5504807692307693 0.14302884615384615 0.07211538461538461 0.28125
2 0.49278846153846156 0.1971153846153846 0.10576923076923077 0.3942307692307692
2 0.4014423076923077 0.2704326923076923 0.14423076923076922 0.5408653846153846
2 0.3629807692307692 0.3605769230769231 0.16826923076923078 0.6610576923076923