0 0.8545673076923077 0.46153846153846156 0.11778846153846154 0.16826923076923078
0 0.7487980769230769 0.4110576923076923 0.08653846153846154 0.12259615384615384
0 0.19951923076923078 0.5 0.07692307692307693 0.13221153846153846
0 0.6790865384615384 0.26802884615384615 0.07692307692307693 0.10096153846153846
0 0.5144230769230769 0.4110576923076923 0.07211538461538461 0.10817307692307693
0 0.2512019230769231 0.4699519230769231 0.07211538461538461 0.125
0 0.3173076923076923 0.46033653846153844 0.07451923076923077 0.11057692307692307
2 0.17908653846153846 0.578125 0.16826923076923078 0.27884615384615385
2 0.8918269230769231 0.5528846153846154 0.21634615384615385 0.44711538461538464
2 0.6875 0.34615384615384615 0.1466346153846154 0.27163461538461536
2 0.7644230769230769 0.44350961538461536 0.11778846153846154 0.2403846153846154
2 0.5192307692307693 0.4375 0.13701923076923078 0.2091346153846154
2 0.3137019230769231 0.4855769230769231 0.11057692307692307 0.20673076923076922
2 0.25600961538461536 0.4987980769230769 0.10336538461538461 0.20432692307692307