1 0.16947115384615385 0.5300480769230769 0.0985576923076923 0.1466346153846154
1 0.05889423076923077 0.5048076923076923 0.11778846153846154 0.1875
1 0.4567307692307692 0.4855769230769231 0.07932692307692307 0.11538461538461539
1 0.890625 0.3245192307692308 0.17548076923076922 0.23317307692307693
1 0.24158653846153846 0.53125 0.07692307692307693 0.11538461538461539
1 0.32211538461538464 0.5 0.08173076923076923 0.10576923076923077
1 0.7848557692307693 0.42788461538461536 0.07932692307692307 0.125
1 0.6430288461538461 0.4266826923076923 0.07451923076923077 0.10336538461538461
1 0.7259615384615384 0.4026442307692308 0.07211538461538461 0.11298076923076923
1 0.5600961538461539 0.4495192307692308 0.0673076923076923 0.10336538461538461
1 0.8401442307692307 0.3942307692307692 0.08173076923076923 0.15144230769230768
2 0.10216346153846154 0.6899038461538461 0.20432692307692307 0.6201923076923077
2 0.18629807692307693 0.6983173076923077 0.24278846153846154 0.6033653846153846
2 0.27283653846153844 0.7151442307692307 0.21394230769230768 0.5697115384615384
2 0.3701923076923077 0.6983173076923077 0.2091346153846154 0.5961538461538461
2 0.49399038461538464 0.6766826923076923 0.2283653846153846 0.5697115384615384
2 0.5925480769230769 0.6081730769230769 0.18028846153846154 0.4855769230769231
2 0.6862980769230769 0.6057692307692307 0.21153846153846154 0.5144230769230769
2 0.7620192307692307 0.6177884615384616 0.20673076923076922 0.5889423076923077
2 0.8173076923076923 0.6310096153846154 0.19951923076923078 0.6274038461538461
2 0.890625 0.5552884615384616 0.21875 0.7451923076923077