1 0.9819711538461539 0.3798076923076923 0.036057692307692304 0.1875
0 0.48197115384615385 0.4651442307692308 0.09134615384615384 0.15625
0 0.6334134615384616 0.49038461538461536 0.08653846153846154 0.15625
0 0.328125 0.5 0.09375 0.18028846153846154
0 0.26802884615384615 0.5252403846153846 0.0673076923076923 0.13701923076923078
0 0.44711538461538464 0.36538461538461536 0.06490384615384616 0.11298076923076923
0 0.5612980769230769 0.36177884615384615 0.06490384615384616 0.11538461538461539
0 0.02403846153846154 0.3858173076923077 0.04326923076923077 0.10576923076923077
0 0.16466346153846154 0.3713942307692308 0.06009615384615385 0.11538461538461539
0 0.18269230769230768 0.3076923076923077 0.05048076923076923 0.09615384615384616
0 0.6466346153846154 0.4050480769230769 0.07451923076923077 0.10576923076923077
0 0.1201923076923077 0.40865384615384615 0.05048076923076923 0.11538461538461539
0 0.11658653846153846 0.3233173076923077 0.05048076923076923 0.0889423076923077
0 0.5264423076923077 0.43149038461538464 0.052884615384615384 0.11057692307692307
0 0.04447115384615385 0.3557692307692308 0.040865384615384616 0.0889423076923077
2 0.9555288461538461 0.6262019230769231 0.0889423076923077 0.7475961538461539
2 0.6442307692307693 0.7067307692307693 0.2932692307692308 0.5865384615384616
2 0.30649038461538464 0.6935096153846154 0.20192307692307693 0.6033653846153846
2 0.10336538461538461 0.6790865384615384 0.18990384615384615 0.6201923076923077
2 0.47836538461538464 0.6995192307692307 0.16346153846153846 0.6009615384615384
2 0.026442307692307692 0.6658653846153846 0.052884615384615384 0.6346153846153846
2 0.42908653846153844 0.49278846153846156 0.11538461538461539 0.3557692307692308
2 0.5588942307692307 0.41586538461538464 0.07692307692307693 0.22355769230769232
2 0.1778846153846154 0.30528846153846156 0.07211538461538461 0.11057692307692307
2 0.109375 0.3233173076923077 0.052884615384615384 0.16346153846153846