1 0.5276442307692307 0.375 0.09615384615384616 0.18028846153846154
1 0.12860576923076922 0.4387019230769231 0.07451923076923077 0.125
1 0.3870192307692308 0.4170673076923077 0.06971153846153846 0.14182692307692307
1 0.44350961538461536 0.421875 0.06490384615384616 0.125
1 0.31971153846153844 0.4423076923076923 0.0625 0.11778846153846154
1 0.20552884615384615 0.46153846153846156 0.0673076923076923 0.11778846153846154
1 0.29086538461538464 0.46033653846153844 0.04326923076923077 0.11778846153846154
2 0.09975961538461539 0.6802884615384616 0.19951923076923078 0.6394230769230769
2 0.5709134615384616 0.6502403846153846 0.19951923076923078 0.6995192307692307
2 0.3269230769230769 0.6682692307692307 0.17307692307692307 0.6634615384615384
2 0.45552884615384615 0.6370192307692307 0.15625 0.7259615384615384
2 0.17908653846153846 0.6778846153846154 0.13701923076923078 0.6442307692307693
2 0.27403846153846156 0.6923076923076923 0.1346153846153846 0.6153846153846154
2 0.40024038461538464 0.6598557692307693 0.11298076923076923 0.6802884615384616