1 0.1971153846153846 0.4795673076923077 0.07932692307692307 0.09615384615384616
1 0.2668269230769231 0.45072115384615385 0.07451923076923077 0.09615384615384616
1 0.47836538461538464 0.5012019230769231 0.06490384615384616 0.08413461538461539
1 0.4014423076923077 0.5144230769230769 0.06971153846153846 0.07451923076923077
1 0.3137019230769231 0.4735576923076923 0.055288461538461536 0.07211538461538461
1 0.18028846153846154 0.4266826923076923 0.07451923076923077 0.09134615384615384
1 0.5793269230769231 0.5528846153846154 0.05048076923076923 0.06490384615384616
0 0.9675480769230769 0.6574519230769231 0.028846153846153848 0.052884615384615384
1 0.9447115384615384 0.671875 0.04326923076923077 0.052884615384615384
0 0.12620192307692307 0.43149038461538464 0.06009615384615385 0.0673076923076923
2 0.9423076923076923 0.7692307692307693 0.07692307692307693 0.2692307692307692
2 0.921875 0.7259615384615384 0.09615384615384616 0.22115384615384615
2 0.9182692307692307 0.6610576923076923 0.052884615384615384 0.10336538461538461
2 0.65625 0.6658653846153846 0.10096153846153846 0.2403846153846154
2 0.7872596153846154 0.6646634615384616 0.0985576923076923 0.19230769230769232
2 0.5625 0.6262019230769231 0.0985576923076923 0.2283653846153846
2 0.4699519230769231 0.6466346153846154 0.18509615384615385 0.3918269230769231
2 0.38221153846153844 0.6418269230769231 0.14903846153846154 0.3581730769230769
2 0.22956730769230768 0.6730769230769231 0.21394230769230768 0.5432692307692307
2 0.0829326923076923 0.5793269230769231 0.15384615384615385 0.40865384615384615
2 0.12740384615384615 0.6009615384615384 0.13221153846153846 0.43990384615384615
2 0.1466346153846154 0.6358173076923077 0.18990384615384615 0.47115384615384615
2 0.3245192307692308 0.6358173076923077 0.1346153846153846 0.43509615384615385
2 0.2776442307692308 0.6526442307692307 0.14423076923076922 0.44471153846153844
0 0.2776442307692308 0.43028846153846156 0.06009615384615385 0.07211538461538461