0 0.8966346153846154 0.5528846153846154 0.06490384615384616 0.10817307692307693
0 0.375 0.4723557692307692 0.057692307692307696 0.09375
0 0.42908653846153844 0.5036057692307693 0.052884615384615384 0.0889423076923077
0 0.5685096153846154 0.5204326923076923 0.055288461538461536 0.08653846153846154
0 0.6646634615384616 0.5216346153846154 0.038461538461538464 0.07932692307692307
0 0.8028846153846154 0.5168269230769231 0.06490384615384616 0.0985576923076923
0 0.7596153846153846 0.5456730769230769 0.052884615384615384 0.07692307692307693
0 0.7139423076923077 0.5432692307692307 0.04326923076923077 0.0889423076923077
0 0.9447115384615384 0.5516826923076923 0.05048076923076923 0.0889423076923077
2 0.3401442307692308 0.703125 0.13942307692307693 0.5192307692307693
2 0.7920673076923077 0.7307692307692307 0.11778846153846154 0.5384615384615384
2 0.8990384615384616 0.7415865384615384 0.13942307692307693 0.5168269230769231
2 0.5444711538461539 0.7115384615384616 0.11538461538461539 0.5144230769230769
2 0.43149038461538464 0.6802884615384616 0.11538461538461539 0.4807692307692308
2 0.6394230769230769 0.6959134615384616 0.125 0.45913461538461536
2 0.7019230769230769 0.703125 0.07451923076923077 0.4567307692307692
2 0.734375 0.7451923076923077 0.07932692307692307 0.5096153846153846
2 0.9675480769230769 0.7463942307692307 0.06490384615384616 0.5072115384615384
2 0.9423076923076923 0.5745192307692307 0.05048076923076923 0.12259615384615384