0 0.8028846153846154 0.5216346153846154 0.09014423076923077 0.14182692307692307
0 0.7115384615384616 0.4651442307692308 0.06370192307692307 0.1045673076923077
0 0.21153846153846154 0.4855769230769231 0.057692307692307696 0.11298076923076923
0 0.6658653846153846 0.3293269230769231 0.06009615384615385 0.08533653846153846
0 0.5024038461538461 0.43990384615384615 0.054086538461538464 0.09134615384615384
0 0.25961538461538464 0.4639423076923077 0.051682692307692304 0.10697115384615384
0 0.31971153846153844 0.46274038461538464 0.056490384615384616 0.09375
2 0.18269230769230768 0.5528846153846154 0.12259615384615384 0.23918269230769232
2 0.8341346153846154 0.609375 0.1658653846153846 0.38461538461538464
2 0.6646634615384616 0.40024038461538464 0.10336538461538461 0.23317307692307693
2 0.7223557692307693 0.4963942307692308 0.0829326923076923 0.20673076923076922
2 0.5048076923076923 0.4639423076923077 0.10336538461538461 0.17668269230769232
2 0.31490384615384615 0.4831730769230769 0.078125 0.1778846153846154
2 0.2620192307692308 0.4891826923076923 0.07091346153846154 0.1778846153846154