1 0.6274038461538461 0.35336538461538464 0.125 0.18269230769230768
1 0.0889423076923077 0.36177884615384615 0.16826923076923078 0.24759615384615385
1 0.29447115384615385 0.3798076923076923 0.14182692307692307 0.20673076923076922
1 0.7992788461538461 0.39903846153846156 0.07692307692307693 0.14903846153846154
1 0.9026442307692307 0.41466346153846156 0.13221153846153846 0.19230769230769232
1 0.7355769230769231 0.39663461538461536 0.11057692307692307 0.16826923076923078
1 0.5504807692307693 0.34134615384615385 0.10336538461538461 0.1778846153846154
1 0.43028846153846156 0.4230769230769231 0.07211538461538461 0.11298076923076923
1 0.37740384615384615 0.38822115384615385 0.06009615384615385 0.13942307692307693
1 0.984375 0.39903846153846156 0.03125 0.1778846153846154
2 0.10216346153846154 0.5661057692307693 0.20432692307692307 0.7283653846153846
2 0.3004807692307692 0.5841346153846154 0.21875 0.7043269230769231
2 0.5300480769230769 0.3401442307692308 0.12259615384615384 0.23557692307692307
2 0.9038461538461539 0.6213942307692307 0.19230769230769232 0.7572115384615384
2 0.7427884615384616 0.4050480769230769 0.10336538461538461 0.22355769230769232
2 0.6310096153846154 0.5913461538461539 0.2956730769230769 0.8173076923076923
2 0.39903846153846156 0.5733173076923077 0.17307692307692307 0.5528846153846154