0 0.19110576923076922 0.5817307692307693 0.12259615384615384 0.16346153846153846
0 0.2704326923076923 0.5060096153846154 0.0889423076923077 0.1201923076923077
0 0.7776442307692307 0.4182692307692308 0.08173076923076923 0.125
0 0.28846153846153844 0.359375 0.07932692307692307 0.0985576923076923
0 0.47475961538461536 0.43509615384615385 0.07451923076923077 0.10336538461538461
0 0.7235576923076923 0.4074519230769231 0.07451923076923077 0.11778846153846154
0 0.6634615384615384 0.4182692307692308 0.07692307692307693 0.10576923076923077
2 0.8197115384615384 0.4795673076923077 0.17307692307692307 0.2668269230769231
2 0.17908653846153846 0.6766826923076923 0.24759615384615385 0.4206730769230769
2 0.30408653846153844 0.43028846153846156 0.15384615384615385 0.2548076923076923
2 0.265625 0.5384615384615384 0.12740384615384615 0.22355769230769232
2 0.4795673076923077 0.45913461538461536 0.14182692307692307 0.19951923076923078
2 0.6730769230769231 0.4387019230769231 0.11538461538461539 0.19471153846153846
2 0.7283653846153846 0.4326923076923077 0.11057692307692307 0.19471153846153846