0 0.9038461538461539 0.5877403846153846 0.07692307692307693 0.12259615384615384
0 0.33533653846153844 0.46875 0.0673076923076923 0.10576923076923077
0 0.39302884615384615 0.5060096153846154 0.06490384615384616 0.10096153846153846
0 0.5444711538461539 0.5348557692307693 0.06490384615384616 0.0985576923076923
0 0.6502403846153846 0.5396634615384616 0.04807692307692308 0.09134615384615384
0 0.8028846153846154 0.5420673076923077 0.07932692307692307 0.11298076923076923
0 0.7524038461538461 0.5721153846153846 0.0625 0.08653846153846154
0 0.703125 0.5673076923076923 0.05048076923076923 0.0985576923076923
0 0.9567307692307693 0.5901442307692307 0.06009615384615385 0.10096153846153846
2 0.2860576923076923 0.7067307692307693 0.18028846153846154 0.5480769230769231
2 0.78125 0.7403846153846154 0.15384615384615385 0.5192307692307693
2 0.8942307692307693 0.7548076923076923 0.1778846153846154 0.49038461538461536
2 0.5096153846153846 0.7271634615384616 0.15384615384615385 0.5456730769230769
2 0.3858173076923077 0.7019230769230769 0.15384615384615385 0.53125
2 0.6117788461538461 0.7319711538461539 0.16105769230769232 0.5072115384615384
2 0.6814903846153846 0.7427884615384616 0.10817307692307693 0.5024038461538461
2 0.7199519230769231 0.7536057692307693 0.11298076923076923 0.49278846153846156
2 0.9615384615384616 0.7632211538461539 0.07692307692307693 0.4735576923076923
2 0.9507211538461539 0.6129807692307693 0.06490384615384616 0.13942307692307693