1 0.17908653846153846 0.5865384615384616 0.054086538461538464 0.07451923076923077
1 0.23317307692307693 0.5492788461538461 0.05048076923076923 0.07451923076923077
1 0.421875 0.5540865384615384 0.04447115384615385 0.06370192307692307
1 0.359375 0.5805288461538461 0.05048076923076923 0.056490384615384616
1 0.2764423076923077 0.5612980769230769 0.038461538461538464 0.056490384615384616
1 0.15504807692307693 0.5456730769230769 0.05048076923076923 0.07211538461538461
1 0.5168269230769231 0.5805288461538461 0.03365384615384615 0.05048076923076923
0 0.8774038461538461 0.5985576923076923 0.039663461538461536 0.04567307692307692
1 0.8485576923076923 0.6141826923076923 0.030048076923076924 0.039663461538461536
0 0.11057692307692307 0.5588942307692307 0.04447115384615385 0.05048076923076923
2 0.8966346153846154 0.6995192307692307 0.078125 0.23197115384615385
2 0.8389423076923077 0.6658653846153846 0.046875 0.18629807692307693
2 0.8245192307692307 0.6105769230769231 0.028846153846153848 0.08653846153846154
2 0.6021634615384616 0.6622596153846154 0.04447115384615385 0.20432692307692307
2 0.7127403846153846 0.6370192307692307 0.055288461538461536 0.16105769230769232
2 0.515625 0.6454326923076923 0.046875 0.19471153846153846
2 0.4411057692307692 0.6802884615384616 0.09375 0.3293269230769231
2 0.36658653846153844 0.6911057692307693 0.06610576923076923 0.30528846153846156
2 0.24158653846153846 0.7451923076923077 0.09254807692307693 0.4651442307692308
2 0.09975961538461539 0.6923076923076923 0.06009615384615385 0.35096153846153844
2 0.14182692307692307 0.703125 0.036057692307692304 0.38100961538461536
2 0.16466346153846154 0.7295673076923077 0.08533653846153846 0.40024038461538464
2 0.31490384615384615 0.6971153846153846 0.039663461538461536 0.37740384615384615
2 0.2800480769230769 0.7199519230769231 0.04447115384615385 0.3858173076923077
0 0.23798076923076922 0.53125 0.042067307692307696 0.056490384615384616