0 0.14182692307692307 0.4951923076923077 0.051682692307692304 0.09615384615384616
0 0.6334134615384616 0.453125 0.04807692307692308 0.08413461538461539
0 0.5817307692307693 0.47836538461538464 0.04447115384615385 0.08173076923076923
0 0.45072115384615385 0.48677884615384615 0.04567307692307692 0.078125
0 0.3605769230769231 0.4807692307692308 0.03365384615384615 0.07211538461538461
0 0.23197115384615385 0.46634615384615385 0.056490384615384616 0.08774038461538461
0 0.2704326923076923 0.4963942307692308 0.04567307692307692 0.06971153846153846
0 0.3125 0.4987980769230769 0.03365384615384615 0.078125
0 0.09735576923076923 0.49038461538461536 0.042067307692307696 0.08173076923076923
2 0.6526442307692307 0.671875 0.09615384615384616 0.4807692307692308
2 0.2283653846153846 0.7043269230769231 0.0733173076923077 0.5673076923076923
2 0.12740384615384615 0.7151442307692307 0.09615384615384616 0.5697115384615384
2 0.46033653846153844 0.6658653846153846 0.07572115384615384 0.47716346153846156
2 0.5673076923076923 0.6442307692307693 0.078125 0.44711538461538464
2 0.3737980769230769 0.6466346153846154 0.08774038461538461 0.4254807692307692
2 0.3137019230769231 0.6490384615384616 0.039663461538461536 0.4254807692307692
2 0.2800480769230769 0.6923076923076923 0.04326923076923077 0.4879807692307692
2 0.055288461538461536 0.6766826923076923 0.04447115384615385 0.4807692307692308
2 0.0985576923076923 0.5120192307692307 0.039663461538461536 0.11177884615384616